k = 3

alpha = 0.0420    0.8080    0.1500

mu = 131.9122  124.6612  141.1629
     89.4226  114.4455  149.0930
     48.6125  121.3320  139.4786
   
cov(:,:,1) =
    1.0e+03 *
    2.4225    0.0897    0.0116
    0.0897    0.0142   -0.0106
    0.0116   -0.0106    0.0280
cov(:,:,2) =
    53.0283    0.0350    0.5146
    0.0350    0.7797   -0.1604
    0.5146   -0.1604    1.5199
cov(:,:,3) =
    721.1648 -140.4151  216.4471
   -140.4151   36.4980  -48.6405
    216.4471  -48.6405   73.1736
	
%------------------------------------------------
k = 4

alpha = 0.4886    0.1011    0.3641    0.0462

mu = 85.4984  114.4459  149.5499
     86.4436  122.1772  140.9466
     92.9590  114.5136  148.4478
     15.6945  128.6324  128.7482
	 
cov(:,:,1) =
   77.2287   -1.1019    6.2588
   -1.1019    1.4504   -0.3414
    6.2588   -0.3414    2.1257
cov(:,:,2) =
    1.0e+03 *
    2.6679    0.0956    0.0491
    0.0956    0.0186   -0.0126
    0.0491   -0.0126    0.0240
cov(:,:,3) =
    16.1358    0.2435   -0.0914
    0.2435    0.3724   -0.0186
   -0.0914   -0.0186    0.4721
cov(:,:,4) =
    21.3204    3.4103    0.7419
    3.4103    2.7459   -0.9858
    0.7419   -0.9858    3.5049
	
%------------------------------------------------
k = 5

alpha = 0.0866    0.4541    0.3681    0.0432    0.0479

mu = 
	66.6255  118.0169  144.4992
    85.9587  114.3180  149.6693
    92.8642  114.5335  148.4247
    15.0879  128.6343  128.5679
    113.5121  126.2457  138.5224
	
cov(:,:,1) =
   370.4367  -27.0399   68.8030
   -27.0399   5.6590   -8.0740
   68.8030   -8.0740   19.9430
   
cov(:,:,2) =
   72.4225   -0.2944    5.2155
   -0.2944    1.2370   -0.1239
    5.2155   -0.1239    1.7022
	
cov(:,:,3) =
   16.7318    0.1551   -0.0563
    0.1551    0.3835   -0.0208
   -0.0563   -0.0208    0.4590
   
cov(:,:,4) =
   15.0438    3.0087   -0.7370
    3.0087    2.5088   -0.9257
   -0.7370   -0.9257    2.9047
   
cov(:,:,5) =
   1.0e+03 *
    3.8678   -0.0048    0.1832
   -0.0048    0.0086   -0.0078
    0.1832   -0.0078    0.0292
	
	
	